#1515
0 935
0 49
0 865
0 783
1 1485
1 1044
1 958
1 1059
2 1333
2 1229
2 333
2 884
3 1334
3 49
3 937
3 1142
3 259
4 693
4 1345
4 572
4 991
4 632
4 1207
5 39
5 97
5 1392
5 654
6 431
6 239
6 243
6 66
6 600
7 377
7 180
7 1003
7 693
8 431
8 1513
8 1075
8 773
9 568
9 792
9 1434
9 1354
10 1182
10 175
10 1274
10 262
11 1082
11 378
11 1097
11 58
12 132
12 1188
12 486
12 1446
13 397
13 175
13 1393
13 667
13 473
13 127
14 721
14 1268
14 552
14 659
15 499
15 289
15 203
15 734
15 943
16 1384
16 368
16 157
16 335
17 1355
17 1106
17 782
17 582
17 1319
18 1065
18 1421
18 614
18 1360
19 1414
19 871
19 1382
19 95
20 797
20 1003
20 1181
20 453
21 332
21 555
21 353
21 112
21 1411
21 41
22 313
22 452
22 542
22 1311
23 621
23 1282
23 722
23 976
24 119
24 768
24 273
24 878
25 681
25 652
25 513
25 1383
25 732
26 438
26 546
26 1344
26 187
27 1014
27 787
27 773
27 559
28 770
28 967
28 322
28 802
28 757
29 803
29 785
29 1186
29 1280
30 1368
30 508
30 340
30 967
30 335
31 252
31 642
31 44
31 725
32 716
32 1464
32 103
32 242
33 1128
33 998
33 1378
33 1190
33 389
34 664
34 479
34 1308
34 50
34 334
34 1403
35 1033
35 618
35 1212
35 338
35 1164
36 764
36 1422
36 696
36 681
37 1282
37 665
37 1476
37 1005
38 1514
38 98
38 992
38 133
39 1337
39 148
39 51
39 5
39 717
39 416
40 285
40 517
40 1503
40 1116
40 1166
41 1092
41 21
41 480
41 552
41 781
41 378
42 1037
42 599
42 1481
42 1428
42 412
43 487
43 765
43 668
43 1498
43 253
44 1134
44 1410
44 156
44 855
44 31
45 120
45 815
45 1113
45 1055
45 515
46 178
46 797
46 1102
46 1288
47 465
47 1401
47 476
47 1135
48 1350
48 916
48 718
48 265
49 1413
49 3
49 874
49 835
49 0
50 703
50 509
50 34
50 924
51 1078
51 1393
51 39
51 1223
52 937
52 206
52 1365
52 754
53 1018
53 222
53 486
53 1461
54 98
54 117
54 1468
54 407
54 960
55 951
55 1234
55 121
55 451
56 1045
56 668
56 1080
56 545
57 728
57 686
57 1078
57 939
57 1077
58 1045
58 11
58 1174
58 270
58 1009
58 776
59 1032
59 916
59 1310
59 208
60 94
60 653
60 523
60 367
60 1198
61 370
61 1184
61 1514
61 700
61 1397
62 987
62 1131
62 317
62 1389
63 1284
63 641
63 1245
63 409
63 872
64 299
64 353
64 363
64 258
64 807
65 1179
65 852
65 499
65 552
66 6
66 1154
66 792
66 1224
66 154
67 467
67 1012
67 931
67 282
68 1197
68 579
68 755
68 1171
69 581
69 121
69 484
69 689
70 97
70 836
70 940
70 847
71 1302
71 927
71 177
71 1010
72 616
72 1370
72 647
72 710
73 1149
73 1058
73 1068
73 1064
74 1485
74 1429
74 885
74 547
74 1113
75 213
75 1076
75 432
75 1479
76 129
76 325
76 1344
76 576
76 1219
76 785
77 525
77 1504
77 677
77 172
78 203
78 1503
78 539
78 1013
79 446
79 397
79 1454
79 1504
79 630
79 836
80 651
80 349
80 609
80 480
80 691
81 1473
81 183
81 992
81 531
82 996
82 169
82 764
82 180
82 1412
82 973
82 1275
83 1488
83 476
83 639
83 643
84 1267
84 1128
84 1354
84 645
84 1259
85 181
85 357
85 224
85 683
86 648
86 880
86 1414
86 212
86 373
87 410
87 333
87 1212
87 957
88 1465
88 1153
88 398
88 240
88 825
89 1491
89 548
89 384
89 772
90 988
90 809
90 299
90 1416
91 1171
91 163
91 323
91 1332
92 435
92 409
92 1135
92 799
92 953
92 1016
92 1131
93 1222
93 1462
93 868
93 279
94 529
94 834
94 267
94 670
94 1178
94 60
95 402
95 205
95 19
95 1112
96 1173
96 701
96 982
96 195
97 5
97 1144
97 578
97 1334
97 70
98 926
98 54
98 38
98 1215
99 1472
99 554
99 883
99 841
99 249
100 490
100 1317
100 364
100 1022
100 1312
101 564
101 897
101 1254
101 659
102 433
102 149
102 1326
102 113
103 1124
103 32
103 1298
103 675
104 1188
104 301
104 1505
104 1396
104 155
105 1137
105 1299
105 649
105 1319
106 1356
106 140
106 559
106 1020
106 343
106 1265
107 1187
107 1225
107 414
107 1340
107 348
108 500
108 719
108 575
108 621
109 1160
109 548
109 1318
109 1505
110 894
110 468
110 236
110 312
110 955
111 1020
111 527
111 777
111 1246
112 21
112 1400
112 170
112 889
113 583
113 1237
113 102
113 709
114 830
114 258
114 506
114 1133
115 1032
115 1145
115 795
115 1200
116 1377
116 1396
116 433
116 544
117 186
117 768
117 1294
117 54
118 608
118 507
118 822
118 669
119 803
119 124
119 24
119 172
120 977
120 1298
120 261
120 45
121 159
121 55
121 340
121 481
121 1322
121 69
122 1336
122 598
122 1353
122 1007
123 365
123 1029
123 1017
123 1314
124 1365
124 170
124 378
124 119
125 179
125 945
125 744
125 530
125 1285
126 841
126 745
126 1368
126 1386
126 587
127 1024
127 300
127 376
127 1508
127 13
128 744
128 1332
128 907
128 1298
129 76
129 651
129 730
129 850
129 187
129 774
130 903
130 1358
130 1293
130 205
130 937
131 510
131 236
131 1487
131 1419
131 210
132 1341
132 920
132 12
132 1427
132 1345
133 694
133 38
133 1268
133 506
134 1161
134 545
134 310
134 623
135 1061
135 1261
135 435
135 1051
136 483
136 667
136 564
136 1489
137 863
137 1387
137 259
137 889
138 1094
138 760
138 505
138 1292
139 989
139 1255
139 1337
139 1136
139 1162
140 1291
140 106
140 219
140 798
141 263
141 320
141 1436
141 663
142 536
142 854
142 360
142 469
143 260
143 694
143 174
143 1489
144 852
144 792
144 913
144 1210
145 675
145 1402
145 679
145 701
146 199
146 756
146 1370
146 372
147 1343
147 555
147 720
147 1474
148 1233
148 1180
148 777
148 39
148 325
148 725
149 429
149 102
149 1051
149 1151
149 1340
150 756
150 755
150 1279
150 330
151 934
151 1219
151 471
151 1295
152 1417
152 1317
152 870
152 1126
152 382
152 794
153 1349
153 1403
153 1235
153 891
154 1174
154 66
154 655
154 1359
154 284
155 676
155 1443
155 104
155 1131
155 1017
155 619
155 647
156 568
156 44
156 1405
156 875
157 311
157 16
157 1425
157 1379
157 1027
158 1390
158 1031
158 1329
158 1411
159 1480
159 417
159 121
159 1084
159 723
160 210
160 523
160 235
160 1098
161 1437
161 1341
161 1043
161 1060
162 223
162 1121
162 245
162 434
162 246
163 91
163 755
163 301
163 1486
164 895
164 738
164 597
164 737
165 1362
165 310
165 177
165 1130
166 296
166 1339
166 1199
166 1269
167 661
167 327
167 1449
167 997
168 1372
168 523
168 1434
168 511
168 1118
169 1173
169 414
169 620
169 82
170 112
170 576
170 124
170 385
171 426
171 357
171 1462
171 500
172 683
172 1378
172 285
172 119
172 452
172 77
173 1457
173 441
173 1140
173 1299
174 1301
174 519
174 143
174 1139
175 553
175 13
175 1497
175 10
175 839
176 1151
176 1022
176 1408
176 815
177 165
177 286
177 71
177 778
178 848
178 1227
178 977
178 246
178 46
179 1323
179 799
179 742
179 125
179 805
179 509
180 1250
180 1204
180 7
180 82
181 1107
181 751
181 85
181 424
182 248
182 1485
182 707
182 977
182 498
183 974
183 1158
183 624
183 81
183 783
184 1008
184 702
184 1103
184 624
185 977
185 573
185 1379
185 1399
186 1320
186 287
186 117
186 1239
186 1108
186 1313
187 1433
187 129
187 26
187 657
187 737
188 1446
188 991
188 232
188 498
188 557
189 227
189 467
189 1064
189 495
190 532
190 1358
190 1033
190 574
191 876
191 1350
191 627
191 1125
192 244
192 809
192 1346
192 1096
193 358
193 1339
193 280
193 1299
194 1324
194 1436
194 1331
194 208
195 1349
195 877
195 96
195 1061
196 1340
196 745
196 1451
196 660
197 1196
197 316
197 822
197 1361
198 236
198 727
198 275
198 1475
199 1374
199 1073
199 1227
199 146
200 770
200 991
200 1156
200 1085
201 656
201 737
201 1230
201 1483
201 1267
202 1493
202 984
202 1460
202 702
203 303
203 702
203 690
203 78
203 15
204 920
204 390
204 1231
204 475
205 503
205 1400
205 95
205 130
206 956
206 52
206 1208
206 947
207 320
207 1296
207 1339
207 1240
207 1117
208 434
208 1499
208 194
208 705
208 1452
208 59
209 1117
209 696
209 317
209 298
210 1421
210 160
210 654
210 812
210 1178
210 131
210 529
211 1016
211 1001
211 938
211 572
212 1447
212 86
212 1438
212 432
213 292
213 75
213 1502
213 881
214 648
214 319
214 894
214 1063
215 1303
215 219
215 934
215 549
215 858
216 1228
216 516
216 1355
216 951
217 520
217 813
217 739
217 1223
218 330
218 840
218 979
218 759
219 1006
219 140
219 215
219 1243
219 1103
220 1204
220 1336
220 420
220 649
221 986
221 1318
221 296
221 816
222 582
222 762
222 355
222 53
222 1039
223 1064
223 162
223 1395
223 1163
224 85
224 1206
224 1371
224 740
224 511
224 247
225 699
225 265
225 1071
225 377
226 840
226 328
226 282
226 1207
227 1191
227 1199
227 189
227 583
227 242
228 851
228 583
228 276
228 873
229 384
229 969
229 1228
229 601
229 1316
230 254
230 861
230 560
230 928
231 354
231 705
231 820
231 388
232 885
232 188
232 678
232 1353
233 1434
233 1292
233 902
233 1313
233 1138
234 303
234 776
234 1021
234 992
235 1413
235 1376
235 160
235 1236
236 131
236 1272
236 110
236 198
236 1180
236 1387
236 593
237 1300
237 667
237 1203
237 1223
238 528
238 1127
238 732
238 966
239 787
239 6
239 1108
239 487
240 1015
240 272
240 323
240 88
241 1388
241 744
241 1315
241 703
241 565
242 227
242 32
242 1395
242 944
243 784
243 657
243 472
243 6
244 954
244 192
244 1164
244 1147
244 673
245 602
245 1126
245 770
245 1204
245 905
245 162
246 1059
246 178
246 824
246 321
246 162
247 1098
247 721
247 1362
247 224
248 405
248 912
248 857
248 1449
248 1245
248 1463
248 182
249 1117
249 819
249 412
249 99
250 822
250 1157
250 487
250 555
251 490
251 298
251 290
251 406
252 1010
252 1201
252 31
252 350
253 927
253 1041
253 1511
253 43
253 923
254 230
254 559
254 1158
254 1241
255 260
255 349
255 1081
255 1311
256 456
256 455
256 1249
256 506
257 1146
257 993
257 1023
257 543
257 907
258 114
258 64
258 457
258 541
259 3
259 137
259 864
259 821
260 653
260 425
260 458
260 383
260 255
260 143
261 583
261 120
261 1227
261 1135
262 281
262 1511
262 1276
262 10
262 852
263 334
263 408
263 331
263 141
264 923
264 580
264 332
264 659
265 724
265 225
265 660
265 1341
265 1079
265 48
266 1351
266 457
266 793
266 1056
267 635
267 94
267 743
267 319
268 488
268 1273
268 1463
268 766
269 1070
269 849
269 796
269 1377
269 415
270 58
270 370
270 892
270 1246
271 339
271 282
271 1279
271 759
271 592
272 240
272 952
272 1104
272 388
273 914
273 972
273 332
273 24
273 1072
274 576
274 947
274 1215
274 538
275 1342
275 198
275 1501
275 642
275 473
276 877
276 1000
276 849
276 1023
276 228
277 1155
277 798
277 1038
277 307
277 1142
278 451
278 1031
278 345
278 1114
278 1398
279 385
279 93
279 607
279 1041
279 1040
280 1205
280 1032
280 193
280 1449
281 1166
281 1208
281 1254
281 295
281 1501
281 262
282 67
282 226
282 271
282 1191
282 420
282 641
283 712
283 582
283 948
283 808
283 1074
284 154
284 1152
284 1255
284 287
285 40
285 603
285 608
285 172
286 868
286 177
286 1372
286 452
287 284
287 1338
287 823
287 186
288 732
288 1083
288 1304
288 1287
289 419
289 773
289 1471
289 727
289 15
290 251
290 1121
290 390
290 1202
291 1046
291 912
291 905
291 1281
291 535
292 213
292 962
292 1155
292 1329
293 356
293 558
293 1307
293 844
294 771
294 1432
294 1183
294 375
294 1462
295 281
295 1186
295 363
295 1130
295 863
296 221
296 1448
296 166
296 362
297 429
297 953
297 536
297 1348
297 898
298 1368
298 251
298 209
298 1395
298 1412
299 1147
299 559
299 90
299 64
300 373
300 683
300 127
300 353
300 1047
301 1363
301 163
301 104
301 929
302 796
302 485
302 1340
302 917
302 848
303 739
303 203
303 234
303 1226
304 931
304 698
304 860
304 907
305 1331
305 698
305 941
305 1403
305 485
306 1471
306 422
306 609
306 1220
306 1295
306 1387
307 1097
307 277
307 496
307 356
308 482
308 816
308 971
308 474
309 1510
309 1215
309 588
309 381
310 812
310 165
310 134
310 1302
311 1288
311 1453
311 491
311 1044
311 521
311 157
312 1099
312 110
312 1295
312 612
313 1031
313 834
313 550
313 22
314 354
314 1028
314 704
314 1464
315 946
315 1172
315 1300
315 1175
316 790
316 197
316 613
316 665
317 1017
317 209
317 1120
317 62
318 326
318 1032
318 682
318 820
319 1320
319 1194
319 790
319 267
319 214
320 141
320 207
320 547
320 761
320 917
321 891
321 246
321 591
321 1350
321 362
322 400
322 843
322 28
322 879
322 1110
323 994
323 240
323 91
323 1455
324 588
324 666
324 1233
324 1214
325 76
325 1185
325 148
325 352
325 380
326 615
326 816
326 704
326 429
326 1062
326 318
327 1439
327 967
327 1199
327 167
328 393
328 226
328 554
328 788
329 485
329 364
329 561
329 916
330 1266
330 150
330 218
330 676
330 1240
330 610
330 1119
330 707
331 263
331 1409
331 1315
331 337
332 264
332 273
332 1088
332 492
332 21
333 87
333 2
333 589
333 983
333 981
334 34
334 1281
334 263
334 1505
335 16
335 1399
335 30
335 1250
336 912
336 876
336 888
336 1463
337 331
337 1043
337 808
337 824
338 568
338 35
338 1365
338 567
339 1250
339 577
339 1242
339 271
340 30
340 970
340 997
340 1436
340 445
340 1452
340 121
340 1146
340 1124
341 1302
341 369
341 1277
341 1094
342 435
342 775
342 1245
342 1104
343 510
343 1241
343 106
343 1265
344 949
344 1099
344 1365
344 466
344 1271
345 1150
345 660
345 278
345 384
346 519
346 1494
346 1406
346 922
347 727
347 765
347 1222
347 1420
347 655
348 1036
348 1430
348 860
348 696
348 1228
348 107
349 80
349 444
349 855
349 255
350 1378
350 589
350 1065
350 252
351 817
351 611
351 821
351 425
352 968
352 631
352 325
352 984
353 551
353 21
353 300
353 729
353 64
354 314
354 775
354 1051
354 579
354 231
354 1110
355 1083
355 222
355 1237
355 1345
356 307
356 363
356 293
356 1397
356 1019
357 85
357 171
357 847
357 380
358 508
358 193
358 958
358 1109
359 932
359 569
359 794
359 494
360 417
360 762
360 596
360 142
361 830
361 1122
361 1082
361 459
362 434
362 296
362 1440
362 400
362 321
363 64
363 1357
363 295
363 356
364 439
364 100
364 1485
364 329
364 1477
365 942
365 123
365 413
365 632
365 1074
366 899
366 1411
366 655
366 1334
366 887
367 60
367 1100
367 1392
367 542
368 16
368 842
368 967
368 744
368 1481
369 483
369 810
369 341
369 774
370 864
370 61
370 684
370 270
371 1465
371 1030
371 1467
371 427
372 615
372 146
372 920
372 565
372 577
373 86
373 1139
373 300
373 726
373 1431
374 1266
374 534
374 870
374 977
375 937
375 1293
375 743
375 294
376 674
376 933
376 1338
376 127
377 7
377 225
377 1120
377 581
378 124
378 41
378 1201
378 11
379 1209
379 1433
379 1081
379 1041
379 918
380 1360
380 609
380 357
380 325
380 466
380 1509
381 671
381 309
381 580
381 545
381 743
381 455
382 978
382 843
382 152
382 530
383 385
383 1271
383 1278
383 1040
383 260
383 1394
384 964
384 89
384 229
384 951
384 970
384 345
385 1094
385 383
385 902
385 170
385 279
386 1388
386 1079
386 1004
386 709
387 865
387 1338
387 934
387 496
388 1464
388 544
388 1275
388 231
388 272
388 605
388 1422
388 587
389 1344
389 33
389 1509
389 691
390 1032
390 290
390 1011
390 1286
390 204
390 1070
391 1168
391 1083
391 994
391 1331
392 1287
392 660
392 916
392 478
392 1312
393 870
393 735
393 328
393 602
393 591
394 1482
394 1099
394 630
394 505
395 674
395 1236
395 410
395 1337
395 1253
396 1363
396 423
396 1023
396 837
397 79
397 13
397 936
397 1162
398 482
398 88
398 1227
398 1385
399 1251
399 1353
399 561
399 1459
400 689
400 362
400 646
400 322
401 1198
401 867
401 869
401 961
402 1470
402 728
402 1154
402 95
402 684
403 1468
403 1346
403 828
403 1432
404 441
404 1469
404 590
404 732
405 1467
405 248
405 636
405 723
406 1399
406 1427
406 251
406 429
407 54
407 1087
407 949
407 697
408 1469
408 1034
408 1505
408 263
409 92
409 723
409 63
409 1205
409 1012
409 1417
410 395
410 541
410 1508
410 87
411 1429
411 716
411 514
411 1173
411 1060
412 42
412 565
412 1140
412 249
413 365
413 1000
413 1369
413 682
414 107
414 169
414 1034
414 1391
415 699
415 269
415 1153
415 1269
416 1338
416 1460
416 39
416 713
417 159
417 360
417 950
417 707
418 1513
418 827
418 1404
418 589
419 1419
419 289
419 784
419 499
420 1428
420 282
420 703
420 220
421 714
421 1074
421 474
421 1189
422 1144
422 306
422 1169
422 1404
423 396
423 1370
423 819
423 779
424 1066
424 1118
424 181
424 1130
424 1176
424 1306
425 351
425 658
425 260
425 1276
426 1220
426 1475
426 585
426 171
427 371
427 1156
427 950
427 882
428 861
428 1040
428 955
428 1103
429 1064
429 326
429 1091
429 1171
429 919
429 406
429 1386
429 297
429 149
430 1050
430 601
430 1035
430 736
431 8
431 865
431 961
431 6
431 913
431 462
432 75
432 212
432 740
432 612
433 1200
433 102
433 116
433 1125
433 477
433 1373
434 571
434 599
434 208
434 362
434 162
435 135
435 342
435 92
435 1374
435 534
435 1456
436 1251
436 1327
436 1437
436 540
437 1087
437 1132
437 1213
437 1129
438 1283
438 791
438 26
438 1180
439 364
439 999
439 547
439 919
440 1414
440 677
440 1390
440 501
440 1328
441 173
441 638
441 1085
441 404
442 987
442 742
442 1091
442 1375
442 528
443 1109
443 620
443 1304
443 944
444 928
444 552
444 470
444 349
444 1367
445 590
445 1481
445 340
445 1369
446 1053
446 79
446 1178
446 637
447 491
447 856
447 1330
447 625
448 872
448 1083
448 1079
448 596
449 1194
449 780
449 1175
449 1356
449 785
449 566
450 850
450 715
450 959
450 1013
451 969
451 55
451 1102
451 278
452 22
452 1025
452 286
452 172
453 482
453 20
453 888
453 1127
454 582
454 755
454 1187
454 770
454 1202
454 1197
454 1125
454 1270
455 256
455 1216
455 381
455 928
456 781
456 940
456 1005
456 256
457 266
457 1138
457 853
457 258
458 519
458 656
458 260
458 940
459 1185
459 1239
459 894
459 361
460 781
460 504
460 503
460 992
461 552
461 1239
461 1447
461 983
462 556
462 431
462 539
462 1416
463 550
463 1258
463 1076
463 1047
463 790
464 1146
464 931
464 1083
464 634
465 1326
465 1450
465 818
465 808
465 47
466 1292
466 344
466 1254
466 533
466 380
467 67
467 802
467 1119
467 1455
467 189
468 1014
468 690
468 110
468 606
469 815
469 488
469 890
469 978
469 142
470 1257
470 899
470 697
470 444
471 151
471 1394
471 1077
471 1129
472 803
472 934
472 243
472 546
473 13
473 275
473 656
473 814
474 602
474 308
474 421
474 625
475 639
475 204
475 569
475 888
476 616
476 83
476 47
476 678
477 433
477 1007
477 1187
477 1480
478 392
478 1408
478 1149
478 1289
478 919
478 1332
479 1261
479 801
479 1266
479 34
479 1380
480 80
480 1226
480 41
480 1431
480 1404
481 121
481 1273
481 486
481 1398
482 1439
482 453
482 966
482 308
482 398
483 1216
483 136
483 741
483 369
484 919
484 1385
484 898
484 1491
484 69
485 329
485 1407
485 302
485 305
486 706
486 53
486 1191
486 994
486 481
486 714
486 12
487 43
487 239
487 871
487 250
488 268
488 469
488 1496
488 1252
489 1226
489 1040
489 542
489 990
489 529
489 1025
489 1271
490 100
490 1187
490 1007
490 1109
490 251
491 311
491 1127
491 1336
491 447
492 900
492 332
492 1435
492 800
493 512
493 832
493 1315
493 540
494 359
494 678
494 1461
494 699
495 189
495 661
495 1156
495 640
495 594
496 307
496 387
496 1471
496 567
496 1274
497 1111
497 1153
497 941
497 1507
498 188
498 1121
498 1148
498 182
498 1285
499 909
499 1049
499 15
499 65
499 845
499 419
500 171
500 768
500 108
500 1470
500 1216
500 810
501 440
501 726
501 651
501 1420
502 702
502 893
502 935
502 936
503 205
503 1019
503 853
503 518
503 460
504 960
504 460
504 1122
504 1183
504 585
505 138
505 767
505 394
505 972
506 133
506 834
506 114
506 256
507 118
507 828
507 700
507 1095
508 358
508 30
508 969
508 1319
508 1456
509 1461
509 973
509 179
509 1324
509 629
509 50
509 1149
510 131
510 1253
510 343
510 1382
511 168
511 1400
511 992
511 224
512 1336
512 620
512 493
512 1317
513 1261
513 766
513 25
513 782
514 1234
514 1279
514 1074
514 759
514 411
515 1364
515 45
515 1231
515 1463
516 649
516 1288
516 216
516 818
517 40
517 957
517 1161
517 1042
518 750
518 1226
518 1244
518 503
519 174
519 1351
519 458
519 346
519 1458
520 717
520 621
520 217
520 904
520 751
521 634
521 1443
521 311
521 1270
522 1248
522 1053
522 930
522 708
523 1262
523 1190
523 160
523 976
523 60
523 168
524 1201
524 533
524 1076
524 1426
524 869
525 555
525 1185
525 892
525 77
525 708
526 1444
526 709
526 888
526 1379
527 1378
527 700
527 1155
527 111
527 783
528 1446
528 238
528 586
528 442
529 210
529 489
529 786
529 94
530 125
530 382
530 1070
530 1256
531 925
531 81
531 671
531 793
532 807
532 1112
532 190
532 1075
532 972
533 524
533 715
533 1208
533 466
534 374
534 1409
534 1464
534 435
535 291
535 1073
535 1051
535 1101
536 1444
536 297
536 142
536 843
536 652
537 766
537 1281
537 1440
537 1084
538 774
538 983
538 274
538 1095
539 78
539 1410
539 462
539 754
540 493
540 436
540 632
540 1480
541 258
541 1291
541 1343
541 1185
541 943
541 410
541 567
542 22
542 489
542 688
542 367
542 1047
542 922
543 912
543 257
543 652
543 1218
544 1496
544 388
544 1484
544 116
544 920
544 1070
545 962
545 56
545 134
545 381
546 26
546 472
546 1179
546 760
546 858
547 439
547 74
547 969
547 320
548 964
548 89
548 1188
548 109
548 1264
549 1080
549 1435
549 1108
549 215
549 903
549 1347
550 695
550 463
550 925
550 313
551 631
551 353
551 730
551 1397
552 65
552 14
552 444
552 41
552 461
553 175
553 781
553 1048
553 1502
554 681
554 99
554 599
554 328
555 21
555 147
555 250
555 1280
555 525
556 1138
556 975
556 462
556 1098
557 1062
557 1481
557 188
557 1150
557 1204
558 730
558 293
558 1475
558 1241
558 1072
559 106
559 299
559 254
559 27
560 734
560 1483
560 1356
560 230
561 329
561 857
561 399
561 820
562 1196
562 1048
562 1105
562 657
562 1260
563 695
563 1447
563 955
563 1410
564 733
564 101
564 136
564 686
565 1000
565 372
565 412
565 241
565 1109
566 449
566 1307
566 1108
566 975
566 1290
567 496
567 541
567 968
567 338
568 9
568 1271
568 338
568 156
569 359
569 1171
569 1067
569 475
569 1055
570 1344
570 935
570 1087
570 1512
570 968
571 434
571 1016
571 636
571 1017
572 4
572 1001
572 211
572 1275
573 185
573 1314
573 915
573 932
573 640
574 1190
574 680
574 603
574 190
574 1213
575 108
575 1211
575 1157
575 1390
576 274
576 741
576 76
576 170
577 372
577 339
577 1450
577 1193
578 804
578 97
578 609
578 1094
579 1044
579 354
579 811
579 68
580 893
580 1426
580 1343
580 381
580 264
581 69
581 1055
581 1486
581 377
582 17
582 454
582 283
582 1422
582 222
583 228
583 261
583 227
583 113
584 862
584 1164
584 1300
584 836
585 1362
585 765
585 504
585 426
586 1308
586 528
586 736
586 641
587 709
587 388
587 126
587 795
588 839
588 309
588 324
588 734
589 418
589 350
589 333
589 913
590 1003
590 1231
590 404
590 445
591 714
591 321
591 1326
591 393
592 692
592 271
592 1384
592 1464
593 236
593 1176
593 927
593 1458
594 1466
594 1385
594 1467
594 495
595 1255
595 743
595 1212
595 1510
596 360
596 963
596 448
596 629
596 1238
596 995
597 863
597 715
597 1435
597 164
598 842
598 1275
598 1326
598 122
599 434
599 554
599 980
599 1453
599 42
600 881
600 611
600 1257
600 6
600 828
601 430
601 693
601 627
601 628
601 229
602 474
602 393
602 1141
602 245
603 285
603 635
603 574
603 677
604 1163
604 1488
604 1234
604 1264
605 388
605 1457
605 978
605 973
606 730
606 1184
606 468
606 1415
607 1107
607 1224
607 990
607 1426
607 279
608 285
608 118
608 1325
608 1351
609 578
609 80
609 930
609 306
609 380
610 924
610 842
610 1036
610 330
611 351
611 826
611 600
611 1065
612 760
612 432
612 961
612 312
613 1048
613 316
613 1400
613 1354
614 1177
614 1024
614 18
614 1346
615 1159
615 372
615 326
615 746
616 1269
616 72
616 716
616 476
617 675
617 1363
617 1263
617 646
618 1045
618 892
618 35
618 777
619 761
619 1441
619 155
619 1443
620 169
620 443
620 779
620 512
621 108
621 23
621 520
621 926
622 832
622 1046
622 1457
622 1168
623 1161
623 1328
623 635
623 134
624 184
624 725
624 1487
624 183
625 447
625 716
625 838
625 474
625 1126
626 1511
626 1219
626 1087
626 1413
626 1500
627 601
627 1225
627 628
627 191
628 1235
628 601
628 818
628 1124
628 627
629 1463
629 509
629 1366
629 596
630 394
630 79
630 1501
630 1239
630 923
631 352
631 551
631 930
631 1103
632 365
632 1086
632 841
632 540
632 4
632 824
633 1338
633 1272
633 807
633 939
634 521
634 1499
634 464
634 1125
635 834
635 603
635 267
635 623
636 405
636 1315
636 571
636 1256
637 446
637 720
637 1090
637 719
638 1322
638 1242
638 441
638 885
639 1029
639 945
639 766
639 83
639 475
640 573
640 495
640 825
640 1491
641 997
641 282
641 586
641 63
642 1229
642 31
642 1203
642 275
643 83
643 1353
643 808
643 1472
644 901
644 1057
644 1306
644 1478
645 1253
645 1376
645 1419
645 84
646 1069
646 698
646 617
646 400
647 72
647 1018
647 155
647 825
648 1347
648 666
648 214
648 86
649 105
649 220
649 516
649 1273
649 753
650 760
650 1138
650 804
650 1434
651 129
651 80
651 501
651 1392
652 1085
652 1327
652 25
652 536
652 749
652 543
653 1021
653 260
653 1365
653 60
654 1042
654 5
654 210
654 1394
655 347
655 154
655 366
655 1291
656 1092
656 835
656 473
656 1259
656 201
656 458
657 243
657 187
657 562
657 1090
657 906
658 1099
658 1134
658 425
658 850
659 1052
659 264
659 1165
659 101
659 14
659 1152
660 392
660 265
660 196
660 345
661 789
661 167
661 772
661 1453
661 495
661 1151
662 929
662 1352
662 1068
662 1379
662 948
663 141
663 1062
663 993
663 965
664 896
664 1322
664 1251
664 34
665 845
665 37
665 961
665 316
666 900
666 1236
666 648
666 324
667 1206
667 13
667 136
667 804
667 237
668 56
668 1154
668 43
668 683
669 118
669 1400
669 1221
669 1054
670 936
670 871
670 94
670 1183
671 1303
671 531
671 381
671 871
672 838
672 1389
672 712
672 1452
673 1130
673 1506
673 1090
673 244
674 793
674 1038
674 376
674 1418
674 395
675 752
675 617
675 145
675 103
676 155
676 330
676 1324
676 1304
676 1079
677 77
677 1475
677 440
677 603
678 476
678 494
678 232
678 1263
678 718
678 1106
679 1140
679 982
679 145
679 1064
680 1026
680 574
680 955
680 1303
681 554
681 36
681 25
681 1270
681 995
682 687
682 1030
682 318
682 1231
682 413
683 172
683 300
683 933
683 85
683 668
684 402
684 1274
684 370
684 836
685 1408
685 1111
685 986
685 1195
686 1063
686 564
686 57
686 1226
687 1402
687 682
687 1202
687 753
688 542
688 821
688 1382
688 1413
689 1366
689 69
689 755
689 1266
689 400
690 785
690 203
690 768
690 468
691 80
691 1147
691 858
691 1045
691 829
691 389
692 592
692 1355
692 1124
692 756
693 601
693 886
693 4
693 7
694 1053
694 1372
694 1344
694 133
694 143
694 1435
695 563
695 981
695 550
695 713
696 348
696 36
696 209
696 1195
697 470
697 407
697 1247
697 809
697 800
698 646
698 305
698 1032
698 304
698 745
699 724
699 415
699 225
699 1228
699 494
700 507
700 61
700 527
700 1063
701 96
701 1349
701 145
701 908
702 184
702 202
702 502
702 1052
702 203
703 50
703 420
703 1425
703 241
704 326
704 1374
704 314
704 1269
705 806
705 231
705 1001
705 208
706 486
706 996
706 1369
706 890
707 1389
707 330
707 417
707 182
708 525
708 1047
708 1162
708 522
709 113
709 386
709 837
709 911
709 1466
709 587
709 526
710 1484
710 1318
710 72
710 1331
711 1405
711 1130
711 1158
711 1248
712 873
712 1084
712 1071
712 1348
712 672
712 283
713 1482
713 416
713 695
713 721
714 1193
714 1384
714 591
714 421
714 486
715 533
715 791
715 597
715 903
715 450
716 952
716 32
716 616
716 411
716 625
717 783
717 39
717 520
717 861
718 678
718 735
718 48
718 1264
719 1170
719 637
719 1283
719 108
720 637
720 781
720 914
720 147
721 14
721 713
721 1206
721 247
722 817
722 1230
722 23
722 1415
722 773
723 159
723 405
723 409
723 1281
724 1326
724 1461
724 699
724 265
725 624
725 148
725 31
725 1232
726 501
726 962
726 1088
726 373
726 1009
727 289
727 960
727 1123
727 198
727 347
728 1438
728 57
728 1479
728 771
728 402
729 1136
729 1019
729 835
729 353
730 129
730 558
730 551
730 606
731 825
731 1286
731 908
731 886
732 404
732 25
732 794
732 1059
732 288
732 950
732 238
733 947
733 1123
733 1294
733 903
733 564
734 588
734 560
734 1192
734 1054
734 15
735 718
735 1298
735 393
735 948
736 586
736 929
736 1355
736 430
737 187
737 1283
737 164
737 201
738 1492
738 984
738 164
738 937
739 217
739 817
739 1066
739 1002
739 303
740 853
740 432
740 224
740 1033
741 1177
741 780
741 483
741 576
742 931
742 1140
742 795
742 1004
742 442
742 179
742 1439
743 1097
743 267
743 375
743 381
743 595
743 831
744 125
744 241
744 128
744 368
745 126
745 924
745 196
745 698
746 1125
746 615
746 1115
746 1261
747 926
747 1167
747 1329
747 786
748 1169
748 1508
748 906
748 1116
749 896
749 1505
749 883
749 652
750 518
750 1136
750 1057
750 1246
750 1054
750 1174
750 869
751 181
751 520
751 1394
751 866
752 675
752 1384
752 1115
752 1160
753 687
753 1386
753 649
753 1444
754 539
754 52
754 1162
754 776
754 1447
754 1230
755 150
755 163
755 68
755 454
755 689
756 146
756 150
756 692
756 1148
757 811
757 1437
757 1375
757 28
758 1122
758 1423
758 1248
758 868
759 218
759 514
759 271
759 1146
760 1494
760 612
760 954
760 138
760 650
760 546
761 619
761 320
761 969
761 832
761 1385
762 360
762 222
762 801
762 1477
763 1315
763 1429
763 1030
763 841
764 885
764 36
764 82
764 802
765 347
765 585
765 43
765 1309
766 268
766 537
766 513
766 639
766 1137
767 1052
767 1462
767 934
767 505
767 1132
768 690
768 117
768 24
768 500
769 1020
769 1293
769 791
769 1420
770 245
770 200
770 28
770 454
771 784
771 294
771 1056
771 728
772 1106
772 857
772 661
772 89
772 1363
773 289
773 27
773 722
773 8
774 129
774 538
774 902
774 369
775 1444
775 342
775 886
775 354
776 58
776 234
776 754
776 1293
776 1087
777 618
777 148
777 1232
777 111
778 1475
778 177
778 1346
778 1424
779 423
779 1231
779 1477
779 620
780 968
780 449
780 1494
780 741
781 553
781 456
781 923
781 41
781 460
781 1081
781 720
782 17
782 513
782 958
782 973
783 717
783 1342
783 183
783 0
783 527
784 771
784 243
784 419
784 1192
785 449
785 690
785 29
785 76
786 1358
786 1026
786 747
786 529
787 1089
787 1239
787 239
787 27
788 969
788 328
788 1085
788 1289
789 908
789 805
789 661
789 1327
790 910
790 319
790 316
790 463
791 769
791 1300
791 438
791 715
792 1435
792 9
792 66
792 144
793 674
793 266
793 813
793 531
794 359
794 152
794 732
794 1448
795 742
795 587
795 115
795 1225
796 1318
796 302
796 819
796 269
797 46
797 1486
797 1131
797 20
798 277
798 140
798 1313
798 990
799 92
799 179
799 1399
799 1148
800 697
800 1172
800 1381
800 492
801 762
801 479
801 1235
801 1407
801 1051
802 1007
802 467
802 764
802 28
803 881
803 119
803 29
803 472
803 1282
804 913
804 578
804 667
804 650
804 1182
804 1291
805 179
805 789
805 1321
805 1141
806 1016
806 1464
806 1039
806 705
807 532
807 1294
807 633
807 64
808 465
808 283
808 643
808 337
809 192
809 1262
809 90
809 697
810 1123
810 500
810 369
810 972
811 856
811 1495
811 757
811 579
812 1183
812 310
812 1487
812 210
813 217
813 1143
813 793
813 1305
814 844
814 1152
814 1420
814 473
815 45
815 176
815 469
815 1145
816 308
816 326
816 1448
816 221
817 351
817 1474
817 722
817 739
818 465
818 628
818 516
818 999
819 423
819 1437
819 1101
819 796
819 249
820 231
820 1396
820 1327
820 999
820 561
820 318
821 1192
821 1021
821 259
821 975
821 688
821 351
821 1479
822 1013
822 118
822 197
822 250
823 1107
823 889
823 287
823 1405
824 246
824 1505
824 337
824 632
825 647
825 1440
825 88
825 731
825 640
826 878
826 875
826 1333
826 611
827 418
827 1290
827 1162
827 1082
828 507
828 600
828 1222
828 403
828 1155
829 1501
829 1033
829 691
829 1265
830 361
830 1006
830 881
830 114
830 933
831 1476
831 1184
831 743
831 1223
832 761
832 1068
832 1412
832 493
832 622
833 861
833 1021
833 1404
833 1359
834 1267
834 313
834 506
834 635
834 94
835 656
835 49
835 729
835 901
835 1108
836 79
836 70
836 1306
836 918
836 684
836 584
836 1376
837 396
837 986
837 1457
837 709
838 1374
838 672
838 1060
838 625
839 1042
839 588
839 175
839 1300
840 1242
840 226
840 1384
840 218
841 99
841 126
841 763
841 632
842 610
842 598
842 368
842 1131
843 382
843 322
843 890
843 536
844 293
844 814
844 1278
844 1038
845 1201
845 1354
845 866
845 1198
845 1006
845 960
845 499
845 665
846 982
846 1205
846 1383
846 1375
847 1248
847 1325
847 1196
847 357
847 70
848 302
848 1150
848 1011
848 178
849 1445
849 269
849 860
849 276
850 1164
850 129
850 450
850 658
851 1270
851 1391
851 1296
851 1335
851 228
851 1018
852 144
852 65
852 1492
852 262
852 862
853 740
853 457
853 906
853 503
853 1096
854 942
854 1289
854 1407
854 142
855 1186
855 1100
855 1229
855 44
855 349
856 1034
856 1396
856 447
856 811
857 772
857 561
857 248
857 916
858 215
858 691
858 1334
858 546
859 921
859 879
859 876
859 1113
860 1437
860 849
860 304
860 348
861 833
861 717
861 1492
861 230
861 428
862 1344
862 584
862 852
862 939
863 1260
863 597
863 137
863 1216
863 295
864 259
864 370
864 871
864 1371
864 1254
865 431
865 0
865 387
865 1438
865 1112
866 981
866 1460
866 751
866 845
867 1172
867 1277
867 1066
867 401
868 984
868 1418
868 286
868 93
868 895
868 758
869 750
869 1293
869 401
869 524
869 1221
869 1509
870 152
870 1330
870 374
870 393
871 671
871 864
871 19
871 487
871 670
872 1459
872 448
872 63
872 1401
872 1189
873 948
873 1168
873 1115
873 712
873 228
874 49
874 1328
874 1494
874 1162
875 1054
875 826
875 1020
875 1390
875 156
876 336
876 859
876 1083
876 191
877 1469
877 195
877 276
877 1218
878 1490
878 959
878 24
878 826
879 966
879 1207
879 982
879 859
879 322
880 1506
880 86
880 1492
880 914
881 213
881 803
881 1468
881 600
881 830
882 1472
882 979
882 427
882 1109
883 1113
883 99
883 749
883 1256
884 2
884 1268
884 1262
884 1103
885 638
885 764
885 232
885 74
886 1011
886 775
886 731
886 693
887 1008
887 1311
887 1220
887 366
888 987
888 986
888 1188
888 453
888 336
888 526
888 475
889 823
889 112
889 1219
889 137
890 706
890 469
890 843
890 1036
891 1425
891 321
891 1330
891 153
892 525
892 1506
892 1249
892 270
892 618
893 580
893 502
893 1177
893 1092
894 110
894 214
894 990
894 459
894 1320
895 1008
895 868
895 164
895 974
895 1272
896 664
896 1486
896 1114
896 749
897 1292
897 1454
897 101
897 1342
897 1026
898 297
898 1034
898 1242
898 484
899 1087
899 470
899 1247
899 366
900 902
900 1056
900 666
900 492
901 835
901 1512
901 1186
901 1066
901 644
902 1255
902 385
902 233
902 900
902 774
903 549
903 733
903 130
903 715
904 1509
904 956
904 520
904 1143
905 291
905 245
905 1093
905 950
906 748
906 1265
906 853
906 657
907 1456
907 958
907 128
907 304
907 257
908 1323
908 701
908 731
908 789
909 499
909 939
909 1365
909 1460
909 981
910 790
910 954
910 925
910 1063
911 709
911 938
911 1448
911 971
912 291
912 543
912 1441
912 336
912 248
913 804
913 144
913 431
913 589
914 880
914 273
914 720
914 1473
914 1089
914 1354
915 1448
915 1110
915 1484
915 573
916 59
916 48
916 329
916 392
916 857
917 302
917 1395
917 932
917 320
918 1489
918 1221
918 379
918 836
918 1006
919 429
919 478
919 484
919 439
920 132
920 544
920 204
920 372
921 1225
921 987
921 859
921 1439
922 1105
922 542
922 346
922 959
923 264
923 630
923 781
923 253
924 610
924 745
924 50
924 1000
925 531
925 550
925 910
925 1026
926 98
926 1077
926 621
926 747
927 253
927 593
927 1063
927 71
928 444
928 230
928 455
928 1210
929 301
929 736
929 1102
929 662
930 522
930 631
930 940
930 1297
930 609
931 304
931 464
931 742
931 1379
931 67
932 573
932 359
932 1472
932 917
933 683
933 376
933 1414
933 830
934 215
934 387
934 151
934 472
934 1080
934 767
934 1211
935 1415
935 1506
935 0
935 502
935 570
936 397
936 1033
936 670
936 1343
936 502
937 3
937 130
937 52
937 738
937 375
937 1359
938 911
938 211
938 1106
938 1193
938 1370
939 862
939 633
939 1053
939 909
939 57
940 458
940 930
940 456
940 70
940 1162
941 305
941 995
941 1073
941 497
942 1366
942 365
942 854
942 1445
943 541
943 1049
943 15
943 1257
944 242
944 1284
944 1252
944 1250
944 443
945 125
945 1312
945 639
945 1289
946 1024
946 315
946 1268
946 1214
947 1236
947 733
947 206
947 274
948 283
948 662
948 735
948 873
948 1061
949 344
949 1498
949 1077
949 407
950 427
950 732
950 905
950 417
951 216
951 384
951 55
951 1022
952 1007
952 1168
952 1059
952 716
952 272
953 92
953 297
953 1218
953 1472
954 244
954 956
954 760
954 910
955 563
955 680
955 428
955 1198
955 110
956 954
956 1371
956 1362
956 904
956 206
957 1169
957 1357
957 517
957 87
958 1
958 358
958 907
958 782
958 1126
959 450
959 878
959 1139
959 922
960 504
960 727
960 845
960 54
961 431
961 401
961 612
961 665
962 1476
962 726
962 545
962 1322
962 292
963 1046
963 1079
963 1218
963 596
964 1330
964 1407
964 548
964 384
965 1375
965 663
965 969
965 1204
965 1195
966 1368
966 879
966 482
966 238
967 28
967 368
967 327
967 30
967 1104
968 570
968 567
968 1128
968 352
968 780
969 229
969 761
969 788
969 547
969 965
969 451
969 508
970 384
970 1202
970 1264
970 340
971 1156
971 911
971 308
971 1160
972 505
972 273
972 532
972 810
972 1468
973 605
973 509
973 82
973 782
974 1503
974 183
974 895
974 1194
975 566
975 821
975 1222
975 556
976 1080
976 23
976 523
976 1118
976 1179
977 374
977 178
977 120
977 185
977 1235
977 182
978 382
978 605
978 1181
978 469
979 1326
979 1044
979 882
979 218
980 997
980 599
980 1059
980 1477
981 695
981 866
981 333
981 909
982 96
982 846
982 679
982 879
983 1306
983 333
983 461
983 538
984 352
984 738
984 202
984 868
985 1477
985 1469
985 1321
985 1402
986 888
986 221
986 685
986 837
987 888
987 1181
987 62
987 921
987 442
988 90
988 1393
988 1394
988 1458
988 989
988 1390
989 1278
989 1233
989 988
989 139
989 1048
990 489
990 607
990 798
990 894
991 188
991 1441
991 200
991 4
992 511
992 81
992 38
992 460
992 234
993 1446
993 257
993 663
993 1252
994 323
994 391
994 1332
994 486
995 596
995 1341
995 681
995 941
996 706
996 1321
996 82
996 1445
997 980
997 340
997 641
997 167
998 1236
998 1143
998 33
998 1042
999 1348
999 439
999 818
999 820
1000 276
1000 565
1000 413
1000 924
1001 572
1001 705
1001 1472
1001 211
1002 739
1002 1367
1002 1088
1002 1038
1003 1445
1003 1456
1003 590
1003 7
1003 20
1004 742
1004 1102
1004 386
1004 1430
1005 37
1005 456
1005 1320
1005 1280
1006 918
1006 830
1006 219
1006 845
1007 477
1007 122
1007 952
1007 490
1007 802
1008 895
1008 184
1008 1381
1008 887
1008 1180
1009 58
1009 1134
1009 1089
1009 726
1009 1432
1010 1089
1010 1175
1010 252
1010 71
1010 1404
1011 848
1011 390
1011 886
1011 1193
1011 1310
1012 1067
1012 1314
1012 409
1012 67
1013 450
1013 78
1013 1423
1013 822
1014 27
1014 468
1014 1333
1014 1406
1015 1453
1015 1403
1015 1391
1015 1364
1015 240
1016 806
1016 571
1016 92
1016 211
1016 1366
1017 1495
1017 571
1017 317
1017 155
1017 123
1018 851
1018 1308
1018 53
1018 647
1019 729
1019 1282
1019 356
1019 503
1020 875
1020 111
1020 769
1020 106
1021 833
1021 821
1021 653
1021 234
1022 1452
1022 100
1022 176
1022 1408
1022 951
1023 1484
1023 396
1023 257
1023 276
1024 1094
1024 946
1024 1049
1024 127
1024 614
1025 452
1025 1313
1025 489
1025 1424
1026 1076
1026 680
1026 925
1026 897
1026 786
1027 1109
1027 1273
1027 1079
1027 157
1028 1481
1028 1430
1028 314
1028 1043
1029 639
1029 1364
1029 1160
1029 123
1030 682
1030 1159
1030 371
1030 763
1031 313
1031 1474
1031 278
1031 158
1032 318
1032 390
1032 698
1032 59
1032 115
1032 280
1032 1037
1033 35
1033 740
1033 829
1033 936
1033 1206
1033 190
1034 414
1034 898
1034 856
1034 408
1034 1035
1035 1284
1035 1034
1035 1326
1035 430
1036 890
1036 1115
1036 348
1036 610
1037 1032
1037 1348
1037 42
1037 1093
1038 277
1038 844
1038 1002
1038 1224
1038 674
1039 222
1039 1101
1039 806
1039 1137
1040 279
1040 489
1040 428
1040 1232
1040 383
1041 379
1041 253
1041 279
1041 1301
1042 1471
1042 517
1042 839
1042 654
1042 998
1042 1133
1043 1028
1043 1481
1043 337
1043 161
1044 579
1044 311
1044 979
1044 1
1045 56
1045 618
1045 691
1045 58
1046 963
1046 622
1046 291
1046 1383
1047 300
1047 463
1047 542
1047 708
1048 562
1048 613
1048 989
1048 553
1049 499
1049 943
1049 1024
1049 1344
1050 1263
1050 430
1050 1181
1050 1455
1051 354
1051 1467
1051 801
1051 535
1051 135
1051 149
1052 659
1052 767
1052 702
1052 1305
1053 939
1053 522
1053 446
1053 694
1054 734
1054 750
1054 669
1054 875
1054 1420
1055 1310
1055 1466
1055 45
1055 569
1055 581
1056 1498
1056 771
1056 266
1056 900
1057 1387
1057 644
1057 1213
1057 750
1058 1353
1058 73
1058 1061
1058 1093
1059 952
1059 246
1059 732
1059 1
1059 980
1060 838
1060 411
1060 161
1060 1465
1061 1058
1061 135
1061 195
1061 948
1062 663
1062 1285
1062 557
1062 326
1063 686
1063 214
1063 700
1063 1393
1063 910
1063 927
1064 1380
1064 189
1064 429
1064 679
1064 223
1064 1279
1064 73
1065 350
1065 18
1065 611
1065 1442
1066 424
1066 901
1066 739
1066 867
1067 1429
1067 569
1067 1069
1067 1012
1068 832
1068 73
1068 1159
1068 662
1069 1067
1069 1398
1069 1386
1069 646
1070 544
1070 390
1070 269
1070 530
1071 225
1071 1480
1071 1335
1071 712
1072 1514
1072 273
1072 1210
1072 1249
1072 558
1073 1231
1073 941
1073 199
1073 535
1074 421
1074 514
1074 283
1074 365
1075 1243
1075 1416
1075 532
1075 8
1076 1026
1076 75
1076 524
1076 463
1076 1301
1077 1147
1077 949
1077 57
1077 926
1077 471
1078 1223
1078 51
1078 57
1078 1216
1079 386
1079 1324
1079 265
1079 963
1079 1027
1079 676
1079 448
1080 976
1080 1338
1080 56
1080 549
1080 934
1081 781
1081 1170
1081 379
1081 255
1082 361
1082 827
1082 1311
1082 1229
1082 11
1082 1194
1083 464
1083 448
1083 288
1083 391
1083 876
1083 355
1084 712
1084 159
1084 537
1084 1352
1085 200
1085 652
1085 441
1085 788
1086 1469
1086 1310
1086 1200
1086 1453
1086 632
1087 626
1087 407
1087 899
1087 437
1087 570
1087 776
1088 726
1088 332
1088 1215
1088 1002
1089 1009
1089 914
1089 787
1089 1010
1090 673
1090 637
1090 1367
1090 657
1091 1238
1091 429
1091 442
1091 1200
1091 1110
1092 893
1092 656
1092 41
1092 1347
1093 1058
1093 1037
1093 905
1093 1440
1094 1142
1094 138
1094 385
1094 341
1094 1024
1094 578
1095 538
1095 1501
1095 507
1095 1280
1096 192
1096 1365
1096 1351
1096 853
1097 743
1097 1176
1097 307
1097 11
1098 1493
1098 160
1098 247
1098 556
1099 1433
1099 344
1099 312
1099 1376
1099 658
1099 394
1100 855
1100 1493
1100 367
1100 1473
1101 535
1101 1323
1101 819
1101 1450
1101 1039
1102 1004
1102 451
1102 1412
1102 46
1102 929
1103 631
1103 428
1103 184
1103 884
1103 219
1104 1417
1104 967
1104 272
1104 342
1105 1219
1105 922
1105 1482
1105 1357
1105 562
1106 938
1106 772
1106 17
1106 678
1107 823
1107 181
1107 1211
1107 607
1108 549
1108 566
1108 186
1108 835
1108 239
1109 443
1109 358
1109 882
1109 565
1109 1027
1109 490
1110 1091
1110 915
1110 354
1110 322
1111 685
1111 1126
1111 1374
1111 497
1112 1325
1112 1357
1112 95
1112 865
1112 532
1113 883
1113 45
1113 1499
1113 859
1113 74
1113 1286
1114 278
1114 896
1114 1495
1114 1449
1115 1317
1115 1036
1115 746
1115 752
1115 873
1116 1497
1116 748
1116 1476
1116 40
1117 249
1117 207
1117 1441
1117 1373
1117 209
1118 1447
1118 1337
1118 168
1118 976
1118 424
1119 467
1119 330
1119 1395
1119 1195
1120 1409
1120 317
1120 377
1120 1281
1121 1427
1121 498
1121 290
1121 162
1122 504
1122 361
1122 1307
1122 758
1123 810
1123 727
1123 733
1123 1309
1123 1344
1124 628
1124 103
1124 692
1124 340
1125 634
1125 191
1125 433
1125 454
1125 746
1126 245
1126 152
1126 625
1126 1111
1126 958
1127 491
1127 453
1127 238
1127 1377
1128 33
1128 1359
1128 84
1128 968
1129 437
1129 1305
1129 1500
1129 471
1130 165
1130 295
1130 673
1130 424
1130 711
1131 62
1131 155
1131 842
1131 797
1131 92
1132 1513
1132 437
1132 1174
1132 767
1133 1397
1133 114
1133 1209
1133 1042
1134 1009
1134 1328
1134 44
1134 658
1135 1352
1135 92
1135 261
1135 47
1136 729
1136 1257
1136 139
1136 750
1137 105
1137 766
1137 1348
1137 1039
1138 1217
1138 556
1138 650
1138 233
1138 457
1139 1182
1139 174
1139 959
1139 373
1140 412
1140 679
1140 742
1140 173
1141 1450
1141 805
1141 1173
1141 602
1142 1094
1142 1462
1142 3
1142 277
1143 904
1143 813
1143 1468
1143 998
1144 1177
1144 97
1144 422
1144 1442
1144 1167
1145 815
1145 115
1145 1389
1145 1151
1146 464
1146 340
1146 257
1146 759
1147 299
1147 691
1147 1077
1147 244
1148 756
1148 799
1148 1375
1148 498
1149 1401
1149 478
1149 509
1149 73
1150 1417
1150 557
1150 345
1150 848
1151 176
1151 149
1151 661
1151 1145
1151 1363
1152 659
1152 814
1152 1424
1152 284
1153 497
1153 1507
1153 1436
1153 415
1153 88
1154 402
1154 66
1154 1247
1154 668
1155 828
1155 292
1155 527
1155 277
1156 427
1156 971
1156 200
1156 495
1157 1302
1157 575
1157 250
1157 1241
1158 183
1158 711
1158 1303
1158 254
1159 1030
1159 1068
1159 1296
1159 615
1160 109
1160 752
1160 1029
1160 971
1161 134
1161 517
1161 623
1161 1211
1162 874
1162 397
1162 940
1162 827
1162 754
1162 139
1162 708
1163 604
1163 223
1163 1496
1163 1472
1164 850
1164 35
1164 584
1164 244
1165 1392
1165 659
1165 1230
1165 1190
1166 40
1166 281
1166 1172
1166 1354
1167 1214
1167 1144
1167 1220
1167 747
1168 622
1168 952
1168 873
1168 391
1169 957
1169 1418
1169 748
1169 422
1170 1233
1170 1081
1170 719
1170 1392
1171 91
1171 68
1171 429
1171 569
1172 315
1172 800
1172 867
1172 1166
1173 1141
1173 96
1173 169
1173 411
1174 58
1174 750
1174 154
1174 1217
1174 1132
1175 315
1175 449
1175 1010
1175 1479
1176 1432
1176 593
1176 1097
1176 424
1177 1144
1177 614
1177 893
1177 741
1178 446
1178 1431
1178 94
1178 210
1179 65
1179 1504
1179 546
1179 976
1180 438
1180 236
1180 148
1180 1008
1181 1050
1181 20
1181 987
1181 978
1182 1475
1182 804
1182 1406
1182 1139
1182 1410
1182 10
1183 670
1183 504
1183 812
1183 1513
1183 294
1184 606
1184 61
1184 1258
1184 831
1185 459
1185 325
1185 525
1185 541
1186 295
1186 29
1186 855
1186 901
1187 477
1187 107
1187 490
1187 454
1188 548
1188 104
1188 888
1188 12
1189 1335
1189 421
1189 872
1189 1385
1190 33
1190 574
1190 523
1190 1165
1191 227
1191 1296
1191 282
1191 486
1192 784
1192 1267
1192 821
1192 734
1193 938
1193 1011
1193 714
1193 577
1194 1382
1194 1082
1194 449
1194 974
1194 319
1195 965
1195 685
1195 1119
1195 696
1196 847
1196 197
1196 1387
1196 562
1197 1363
1197 1199
1197 454
1197 68
1198 845
1198 955
1198 60
1198 401
1199 166
1199 327
1199 1197
1199 1374
1199 227
1200 1086
1200 115
1200 433
1200 1091
1201 524
1201 845
1201 378
1201 252
1202 454
1202 970
1202 687
1202 1207
1202 290
1203 237
1203 1347
1203 1294
1203 642
1204 245
1204 180
1204 965
1204 557
1204 220
1205 280
1205 409
1205 846
1205 1369
1206 667
1206 721
1206 1033
1206 224
1207 879
1207 226
1207 1202
1207 4
1208 533
1208 281
1208 1244
1208 206
1209 1442
1209 1258
1209 1133
1209 379
1209 1259
1210 1508
1210 1072
1210 928
1210 144
1211 1161
1211 575
1211 1107
1211 934
1212 595
1212 1487
1212 87
1212 35
1213 574
1213 1221
1213 1057
1213 437
1214 1276
1214 1372
1214 946
1214 324
1214 1167
1215 1433
1215 98
1215 309
1215 1088
1215 274
1216 455
1216 863
1216 500
1216 483
1216 1078
1217 1420
1217 1259
1217 1174
1217 1138
1218 877
1218 963
1218 543
1218 953
1219 151
1219 76
1219 626
1219 889
1219 1105
1220 887
1220 426
1220 1167
1220 306
1221 869
1221 669
1221 1213
1221 918
1222 828
1222 975
1222 93
1222 347
1223 1078
1223 831
1223 217
1223 237
1223 1344
1223 51
1223 1347
1224 1038
1224 66
1224 1500
1224 607
1225 1425
1225 921
1225 627
1225 795
1225 107
1225 1469
1226 686
1226 489
1226 303
1226 480
1226 518
1227 1368
1227 199
1227 261
1227 178
1227 398
1228 229
1228 348
1228 699
1228 216
1229 2
1229 1082
1229 642
1229 855
1230 754
1230 722
1230 1165
1230 201
1231 515
1231 204
1231 1073
1231 779
1231 590
1231 1455
1231 682
1232 777
1232 1040
1232 1394
1232 725
1233 148
1233 324
1233 989
1233 1170
1234 514
1234 55
1234 604
1234 1245
1235 801
1235 153
1235 977
1235 628
1236 235
1236 1367
1236 395
1236 998
1236 947
1236 666
1237 113
1237 1437
1237 355
1237 1399
1238 1287
1238 1459
1238 596
1238 1091
1239 630
1239 459
1239 186
1239 787
1239 461
1239 1497
1240 330
1240 207
1240 1373
1240 1352
1241 343
1241 254
1241 1157
1241 558
1242 638
1242 840
1242 339
1242 898
1243 219
1243 1338
1243 1075
1243 1483
1243 1309
1244 1260
1244 1208
1244 518
1244 1325
1245 342
1245 248
1245 63
1245 1234
1246 1474
1246 750
1246 1512
1246 111
1246 270
1247 1154
1247 1411
1247 697
1247 899
1247 1297
1248 847
1248 1502
1248 758
1248 711
1248 522
1249 892
1249 1493
1249 1072
1249 256
1249 1513
1250 339
1250 944
1250 335
1250 180
1251 436
1251 399
1251 1355
1251 1252
1251 664
1252 944
1252 488
1252 1251
1252 1312
1252 993
1253 645
1253 1490
1253 510
1253 395
1254 101
1254 281
1254 864
1254 466
1255 284
1255 902
1255 595
1255 139
1256 636
1256 530
1256 1269
1256 1342
1256 883
1257 943
1257 1404
1257 1258
1257 1136
1257 470
1257 600
1258 1277
1258 1184
1258 463
1258 1478
1258 1209
1258 1257
1259 1217
1259 1209
1259 656
1259 84
1260 863
1260 562
1260 1244
1260 1360
1261 746
1261 513
1261 479
1261 1465
1261 135
1262 884
1262 1328
1262 809
1262 523
1263 1279
1263 617
1263 1050
1263 678
1264 604
1264 970
1264 1402
1264 718
1264 548
1265 829
1265 343
1265 106
1265 906
1266 330
1266 689
1266 374
1266 479
1267 84
1267 1192
1267 834
1267 201
1268 946
1268 14
1268 133
1268 884
1269 166
1269 616
1269 415
1269 1285
1269 1256
1269 704
1270 454
1270 851
1270 681
1270 521
1271 383
1271 568
1271 489
1271 344
1272 236
1272 633
1272 895
1272 1307
1273 649
1273 1027
1273 481
1273 268
1274 684
1274 1290
1274 10
1274 496
1275 388
1275 572
1275 82
1275 598
1276 1214
1276 1406
1276 425
1276 262
1277 1258
1277 1410
1277 341
1277 867
1277 1478
1278 383
1278 1390
1278 989
1278 844
1279 271
1279 1364
1279 514
1279 150
1279 1263
1279 1064
1280 1005
1280 1454
1280 29
1280 1095
1280 555
1281 334
1281 1120
1281 537
1281 291
1281 723
1282 803
1282 23
1282 1478
1282 1019
1282 37
1282 1290
1283 438
1283 737
1283 1460
1283 719
1284 1386
1284 63
1284 944
1284 1035
1284 1316
1285 1062
1285 498
1285 1269
1285 125
1286 731
1286 1299
1286 1113
1286 390
1287 1238
1287 1430
1287 392
1287 288
1288 516
1288 1443
1288 46
1288 311
1289 945
1289 854
1289 478
1289 788
1290 1282
1290 827
1290 1274
1290 1295
1290 566
1291 655
1291 140
1291 804
1291 541
1292 466
1292 233
1292 897
1292 138
1293 375
1293 769
1293 130
1293 869
1293 776
1294 117
1294 1203
1294 807
1294 733
1295 306
1295 1290
1295 151
1295 312
1296 207
1296 851
1296 1191
1296 1159
1297 1510
1297 930
1297 1423
1297 1247
1298 128
1298 103
1298 735
1298 120
1299 105
1299 173
1299 193
1299 1286
1300 237
1300 1418
1300 839
1300 791
1300 584
1300 315
1301 174
1301 1454
1301 1041
1301 1076
1302 310
1302 71
1302 1157
1302 341
1303 1424
1303 671
1303 680
1303 1158
1303 215
1304 288
1304 676
1304 443
1304 1422
1305 1426
1305 813
1305 1129
1305 1052
1305 1361
1306 644
1306 983
1306 424
1306 836
1307 293
1307 1272
1307 566
1307 1122
1308 34
1308 1018
1308 586
1308 1499
1309 1123
1309 765
1309 1243
1309 1360
1310 1086
1310 1055
1310 59
1310 1011
1311 1082
1311 255
1311 887
1311 22
1312 100
1312 1252
1312 945
1312 392
1313 798
1313 233
1313 1025
1313 1483
1313 186
1314 573
1314 123
1314 1012
1314 1383
1315 331
1315 493
1315 763
1315 636
1315 241
1316 1507
1316 1321
1316 229
1316 1284
1317 152
1317 100
1317 512
1317 1115
1318 109
1318 1459
1318 796
1318 710
1318 221
1319 17
1319 105
1319 1480
1319 508
1320 1005
1320 186
1320 319
1320 894
1321 996
1321 985
1321 1428
1321 805
1321 1316
1322 962
1322 638
1322 664
1322 121
1323 1409
1323 179
1323 1101
1323 908
1324 194
1324 676
1324 1079
1324 509
1325 608
1325 847
1325 1112
1325 1244
1326 724
1326 598
1326 465
1326 102
1326 591
1326 979
1326 1035
1327 652
1327 820
1327 789
1327 436
1328 1134
1328 440
1328 623
1328 1510
1328 874
1328 1262
1329 158
1329 1431
1329 292
1329 747
1330 870
1330 891
1330 447
1330 1422
1330 964
1331 305
1331 391
1331 194
1331 710
1332 1339
1332 478
1332 91
1332 128
1332 994
1333 1415
1333 2
1333 826
1333 1014
1334 3
1334 366
1334 858
1334 97
1335 1189
1335 851
1335 1505
1335 1071
1336 491
1336 122
1336 220
1336 512
1337 1118
1337 39
1337 395
1337 139
1338 633
1338 287
1338 387
1338 1243
1338 1405
1338 376
1338 1080
1338 416
1339 207
1339 1332
1339 166
1339 193
1340 149
1340 196
1340 107
1340 302
1341 132
1341 265
1341 995
1341 161
1342 783
1342 897
1342 1421
1342 1256
1342 275
1343 147
1343 580
1343 541
1343 936
1344 694
1344 26
1344 1223
1344 1049
1344 76
1344 389
1344 862
1344 570
1344 1123
1345 1417
1345 132
1345 4
1345 355
1346 403
1346 614
1346 778
1346 192
1347 1092
1347 549
1347 1438
1347 648
1347 1223
1347 1203
1348 297
1348 1037
1348 1137
1348 712
1348 999
1348 1466
1349 1477
1349 701
1349 195
1349 153
1350 321
1350 48
1350 1451
1350 191
1351 266
1351 1096
1351 1420
1351 608
1351 519
1352 1240
1352 662
1352 1135
1352 1084
1353 643
1353 232
1353 122
1353 1058
1353 399
1354 84
1354 613
1354 845
1354 1166
1354 9
1354 914
1355 736
1355 1251
1355 17
1355 216
1355 692
1356 1482
1356 449
1356 560
1356 106
1357 957
1357 363
1357 1105
1357 1112
1358 190
1358 1419
1358 130
1358 786
1359 1128
1359 1504
1359 154
1359 1381
1359 937
1359 833
1360 1309
1360 380
1360 18
1360 1260
1361 1305
1361 197
1361 1511
1361 1475
1362 165
1362 956
1362 585
1362 247
1363 1197
1363 1151
1363 396
1363 301
1363 772
1363 617
1364 1279
1364 1029
1364 1015
1364 515
1365 1470
1365 1096
1365 344
1365 124
1365 338
1365 52
1365 653
1365 909
1366 942
1366 629
1366 1016
1366 689
1367 1002
1367 1090
1367 1236
1367 444
1368 30
1368 1227
1368 966
1368 298
1368 126
1369 413
1369 706
1369 1205
1369 445
1370 1388
1370 423
1370 938
1370 72
1370 146
1371 956
1371 864
1371 224
1371 1502
1372 1214
1372 694
1372 168
1372 286
1373 1117
1373 1496
1373 1240
1373 433
1374 1407
1374 435
1374 199
1374 838
1374 1111
1374 1199
1374 704
1375 1148
1375 846
1375 757
1375 442
1375 965
1376 836
1376 1099
1376 645
1376 235
1377 269
1377 1428
1377 1127
1377 116
1378 527
1378 172
1378 1413
1378 33
1378 350
1379 662
1379 931
1379 526
1379 185
1379 157
1380 1401
1380 1064
1380 479
1380 1507
1381 1478
1381 1008
1381 1359
1381 800
1382 510
1382 1194
1382 688
1382 19
1383 1314
1383 1046
1383 846
1383 25
1384 752
1384 714
1384 840
1384 16
1384 592
1385 398
1385 1189
1385 484
1385 761
1385 594
1386 753
1386 1069
1386 1284
1386 126
1386 429
1387 306
1387 1196
1387 137
1387 236
1387 1057
1388 1370
1388 386
1388 241
1388 1391
1389 1145
1389 707
1389 62
1389 672
1390 1278
1390 158
1390 875
1390 988
1390 575
1390 440
1391 1015
1391 414
1391 1388
1391 851
1392 5
1392 1165
1392 367
1392 1170
1392 651
1392 1489
1393 13
1393 1063
1393 51
1393 988
1394 1232
1394 751
1394 1510
1394 988
1394 471
1394 654
1394 383
1395 223
1395 917
1395 242
1395 298
1395 1119
1396 820
1396 856
1396 116
1396 104
1397 1133
1397 61
1397 551
1397 356
1398 1451
1398 1488
1398 278
1398 481
1398 1069
1399 335
1399 1237
1399 1422
1399 406
1399 185
1399 799
1399 1488
1400 511
1400 613
1400 205
1400 1473
1400 112
1400 669
1401 1149
1401 47
1401 1380
1401 872
1402 985
1402 1264
1402 145
1402 687
1402 1495
1403 305
1403 34
1403 153
1403 1015
1404 1512
1404 418
1404 833
1404 1010
1404 422
1404 480
1404 1257
1405 1338
1405 711
1405 156
1405 823
1406 1276
1406 1014
1406 346
1406 1182
1407 964
1407 801
1407 485
1407 1374
1407 854
1408 478
1408 685
1408 176
1408 1022
1409 1323
1409 534
1409 331
1409 1120
1410 1182
1410 1277
1410 44
1410 539
1410 563
1411 1247
1411 366
1411 21
1411 158
1412 832
1412 82
1412 298
1412 1102
1413 49
1413 688
1413 235
1413 1421
1413 1378
1413 626
1414 19
1414 440
1414 86
1414 933
1415 722
1415 935
1415 1333
1415 606
1416 462
1416 90
1416 1509
1416 1075
1416 1514
1417 1104
1417 152
1417 409
1417 1150
1417 1345
1417 1491
1418 1169
1418 868
1418 674
1418 1300
1419 131
1419 419
1419 645
1419 1358
1420 1217
1420 814
1420 347
1420 501
1420 1054
1420 769
1420 1351
1421 1470
1421 1413
1421 18
1421 1342
1421 210
1422 1330
1422 582
1422 388
1422 1304
1422 1399
1422 36
1423 1297
1423 758
1423 1013
1423 1447
1424 1303
1424 778
1424 1025
1424 1152
1425 891
1425 703
1425 1225
1425 157
1426 524
1426 607
1426 580
1426 1305
1427 1430
1427 406
1427 1121
1427 132
1428 420
1428 1377
1428 42
1428 1321
1429 763
1429 1067
1429 74
1429 411
1430 1004
1430 1287
1430 1028
1430 348
1430 1427
1431 480
1431 1178
1431 373
1431 1329
1432 403
1432 1009
1432 294
1432 1176
1433 1099
1433 379
1433 187
1433 1215
1434 168
1434 9
1434 650
1434 233
1435 694
1435 492
1435 792
1435 597
1435 549
1436 340
1436 1153
1436 194
1436 141
1437 860
1437 819
1437 161
1437 436
1437 1237
1437 757
1438 212
1438 728
1438 865
1438 1347
1439 327
1439 482
1439 921
1439 742
1440 825
1440 362
1440 537
1440 1093
1441 1117
1441 991
1441 912
1441 619
1442 1503
1442 1144
1442 1209
1442 1490
1442 1065
1443 1288
1443 619
1443 155
1443 521
1444 526
1444 536
1444 753
1444 775
1445 849
1445 1003
1445 1486
1445 996
1445 942
1446 12
1446 188
1446 993
1446 528
1447 461
1447 1118
1447 212
1447 563
1447 754
1447 1423
1448 296
1448 911
1448 816
1448 794
1448 915
1449 280
1449 167
1449 1114
1449 248
1450 465
1450 1141
1450 577
1450 1101
1451 196
1451 1350
1451 1398
1451 1488
1452 340
1452 1022
1452 208
1452 672
1453 599
1453 1015
1453 1086
1453 661
1453 311
1454 1280
1454 79
1454 1301
1454 897
1455 1050
1455 1231
1455 323
1455 467
1456 508
1456 907
1456 1003
1456 435
1457 605
1457 173
1457 837
1457 622
1458 1498
1458 519
1458 593
1458 988
1459 399
1459 1318
1459 872
1459 1238
1460 416
1460 909
1460 202
1460 866
1460 1283
1461 53
1461 509
1461 494
1461 724
1462 767
1462 1142
1462 171
1462 294
1462 93
1463 515
1463 248
1463 336
1463 629
1463 268
1464 806
1464 314
1464 32
1464 592
1464 388
1464 534
1465 1261
1465 88
1465 1060
1465 371
1466 709
1466 594
1466 1348
1466 1055
1467 371
1467 1051
1467 405
1467 594
1468 972
1468 403
1468 54
1468 1143
1468 881
1469 877
1469 1225
1469 408
1469 985
1469 404
1469 1086
1470 1421
1470 402
1470 1365
1470 500
1471 306
1471 289
1471 496
1471 1042
1472 99
1472 953
1472 882
1472 643
1472 1163
1472 1001
1472 932
1473 914
1473 1400
1473 1100
1473 81
1474 1031
1474 1246
1474 817
1474 147
1475 426
1475 1361
1475 1182
1475 677
1475 558
1475 778
1475 198
1476 1490
1476 37
1476 831
1476 962
1476 1116
1477 1349
1477 985
1477 779
1477 980
1477 762
1477 364
1478 1282
1478 644
1478 1258
1478 1381
1478 1277
1479 728
1479 75
1479 1175
1479 821
1480 477
1480 540
1480 1071
1480 159
1480 1319
1481 368
1481 1043
1481 445
1481 557
1481 42
1481 1028
1482 394
1482 1356
1482 1105
1482 713
1483 1243
1483 560
1483 1313
1483 201
1484 544
1484 1023
1484 710
1484 915
1485 182
1485 1
1485 74
1485 364
1486 581
1486 163
1486 797
1486 896
1486 1445
1487 131
1487 624
1487 812
1487 1212
1488 1399
1488 604
1488 1451
1488 1398
1488 83
1489 1392
1489 918
1489 136
1489 143
1490 1442
1490 1476
1490 1253
1490 878
1491 1417
1491 640
1491 484
1491 89
1492 861
1492 880
1492 738
1492 852
1493 1249
1493 202
1493 1098
1493 1100
1494 874
1494 780
1494 346
1494 760
1495 1402
1495 1017
1495 1114
1495 811
1496 488
1496 1373
1496 1163
1496 544
1497 1116
1497 1500
1497 1239
1497 175
1497 1514
1498 949
1498 1458
1498 43
1498 1056
1499 208
1499 1113
1499 634
1499 1308
1500 1497
1500 1129
1500 626
1500 1224
1501 275
1501 281
1501 630
1501 1095
1501 829
1502 1371
1502 213
1502 1248
1502 553
1503 40
1503 78
1503 974
1503 1442
1504 1179
1504 1359
1504 77
1504 79
1505 824
1505 334
1505 109
1505 408
1505 749
1505 104
1505 1335
1506 892
1506 673
1506 880
1506 935
1507 1316
1507 1153
1507 1380
1507 497
1508 1210
1508 127
1508 410
1508 748
1509 904
1509 389
1509 869
1509 1416
1509 380
1510 595
1510 1297
1510 1394
1510 309
1510 1328
1511 253
1511 262
1511 1361
1511 626
1512 901
1512 570
1512 1404
1512 1246
1513 418
1513 1249
1513 8
1513 1132
1513 1183
1514 1416
1514 1072
1514 1497
1514 61
1514 38
